Topic[0] = [(0.089961224937651366, 'uber'), (0.013123821293923329, 'ride'), (0.012995041572400397, 'driver'), (0.012977838866450528, 'google'), (0.012938547910859686, 'service'), (0.011953946098622364, 'take'), (0.011051265987927583, 'taxi'), (0.010316432987758976, 'get'), (0.01009433572467446, 'technology'), (0.0098580090940991235, 'nearly')]
Topic[1] = [(0.060942496555254758, 'uber'), (0.052127663957452379, 'ride'), (0.046484078385292414, 'get'), (0.036271528509409769, 'code'), (0.031915683233300976, 'first'), (0.027375356664987187, 'promo'), (0.022992475185024619, 'sign'), (0.020995289797649145, 'love'), (0.012961929027246653, 'driver'), (0.012750224505269683, 'free')]
Topic[2] = [(0.098556881200663277, 'uber'), (0.011426727558813708, 'driver'), (0.010411665496197623, 'ride'), (0.010021318042038306, 'drivers'), (0.0098773215830011418, 'first'), (0.0084158582587303948, 'code'), (0.0075099615620669493, 'get'), (0.0069240903865391504, 'use'), (0.0065760086778470592, 'world'), (0.006551905803704355, 'startups')]
Topic[3] = [(0.058863463869094114, 'uber'), (0.015018288250895297, 'get'), (0.012654189640446279, 'ride'), (0.01139891938635478, 'via'), (0.0083421981582873245, 'driver'), (0.0076620515302047651, 'code'), (0.0076444572107664636, 'app'), (0.0072782282714401953, 'cars'), (0.0065703705272420684, 'new'), (0.0061748023526918437, 'like')]
Topic[4] = [(0.089800528279222039, 'uber'), (0.019689174043603503, 'get'), (0.018501510133696608, 'ride'), (0.017014308255304731, 'code'), (0.015970967528547726, 'use'), (0.014639355236476534, 'promo'), (0.012955551562501678, 'driver'), (0.0082684286352910415, 'drivers'), (0.0074498165341376054, 'first'), (0.0069786003133628632, 'taxi')]
Topic[5] = [(0.0734445720039269, 'uber'), (0.028314704683177885, 'ride'), (0.019264698330455587, 'get'), (0.016930875416886607, 'code'), (0.014877805476028263, 'drivers'), (0.013265166550155883, 'free'), (0.011351054553940157, 'use'), (0.011119034295667091, 'taxi'), (0.0094311942403161979, 'car'), (0.0091581052514974476, 'promo')]
Topic[6] = [(0.072981849444438696, 'uber'), (0.036386088788028445, 'get'), (0.032293116836554336, 'ride'), (0.024997156014433492, 'code'), (0.022184858014097718, 'first'), (0.01864126823228459, 'promo'), (0.013897115203852194, 'use'), (0.01280542426784584, 'driver'), (0.010102761104949152, 'drivers'), (0.0080415700763532532, 'free')]
Topic[7] = [(0.047001580960443462, 'uber'), (0.020975310406194752, 'driver'), (0.010351343882142016, 'via'), (0.010342206907660667, 'like'), (0.010191829984436003, 'taxi'), (0.010011305071913329, 'drivers'), (0.0065772442011927269, 'car'), (0.006211739554024146, 'today'), (0.0059049196940873456, 'ride'), (0.0052493786896533057, 'get')]
Topic[8] = [(0.085713758112089061, 'uber'), (0.040107206117627692, 'ride'), (0.030736261421969464, 'get'), (0.023576948515480492, 'promo'), (0.022464744378535319, 'code'), (0.017974756774143973, 'free'), (0.013889214555224502, 'use'), (0.0098705841317765358, 'first'), (0.0096149849130401453, 'coupon'), (0.0069852395784781984, 'make')]
Topic[9] = [(0.05582444582972379, 'uber'), (0.03135785573696849, 'ride'), (0.023594626918212788, 'code'), (0.023186400730328394, 'first'), (0.018865664698492848, 'get'), (0.018716207564687476, 'promo'), (0.014188603911585286, 'sign'), (0.013724347528119784, 'car'), (0.012988523037591477, 'driver'), (0.010360408783724226, 'love')]
